59,2
59,1
59,0
57,5
57,4
57,2
57,1
57,0
57,3
56,4
56,2
56,1
56,0
54,7
54,5
59,3
54,4
54,2
54,1
54,0
52,7
52,6
52,2
60,5
52,1
52,0
60,3
49,4
49,3
49,2
49,1
49,0
48,4
48,3
48,2
48,1
61,6
48,0
61,3
47,3
47,2
47,1
47,0
46,4
46,2
56,5
46,1
46,0
43,3
56,3
43,2
43,1
43,0
38,6
38,5
38,4
52,9
38,2
38,1
38,0
52,3
37,4
37,3
37,2
37,1
37,0
35,3
46,3
35,2
35,1
35,0
38,3
34,3
34,2
34,1
34,0
33,6
33,5
33,4
33,2
33,3
33,1
33,0
23,4
23,2
54,8
23,1
23,0
22,4
22,3
54,3
22,2
22,1
22,0
23,3
5,2
5,1
5,0
4,3
5,3
2,5
2,4
2,3
2,2
2,1
2,0
1,3
0,410
0,324
0,243
0,9
0,0
0,1
0,411
0,300
0,299
0,409
0,298
0,408
0,297
0,407
0,296
0,431
0,295
0,406
0,294
0,430
0,293
0,405
0,292
0,429
0,291
0,428
0,290
0,404
0,289
0,427
0,288
0,403
0,287
0,402
0,286
0,401
0,285
0,400
0,284
0,426
0,283
0,399
0,282
0,398
0,281
0,425
0,280
0,397
0,279
0,396
0,278
0,395
0,277
0,394
0,276
0,393
0,275
0,392
0,274
0,391
0,273
0,424
0,272
0,390
0,271
0,389
59,4
59,5
60,0
60,1
61,0
61,1
61,4
61,2
60,2
59,6
0,270
0,388
0,269
0,387
0,268
0,386
0,267
0,385
0,266
0,384
0,265
0,423
0,264
0,383
0,263
0,382
0,262
0,381
0,261
0,380
0,260
0,379
0,259
0,378
0,258
0,377
0,257
0,376
0,256
0,375
0,255
0,374
0,254
0,373
0,253
0,422
0,252
0,372
0,251
0,371
0,250
0,370
0,249
0,369
0,248
0,368
0,247
0,367
0,246
0,366
0,245
0,365
0,244
0,364
0,242
0,363
0,241
0,362
0,240
0,421
0,239
0,361
0,238
0,360
0,237
0,359
0,236
0,358
0,235
0,357
0,234
0,356
0,233
0,355
0,232
0,354
0,231
0,353
0,230
0,352
0,229
0,351
0,228
0,227
0,350
0,226
0,349
0,225
0,348
0,224
0,347
0,223
0,346
0,222
0,345
0,221
0,344
0,220
0,343
0,219
0,342
0,218
0,341
0,217
0,340
0,216
0,339
0,215
0,338
0,214
0,337
0,213
0,336
0,212
0,420
0,211
0,335
0,210
0,334
0,209
0,333
0,208
0,419
0,207
0,332
0,206
0,418
0,205
0,331
0,204
0,417
0,203
0,416
0,202
0,415
0,201
0,330
0,200
0,414
0,199
0,433
0,198
0,329
0,197
0,328
0,196
0,327
0,195
0,413
0,194
0,326
0,193
0,412
0,192
0,325
0,63
0,323
0,62
0,322
0,61
0,432
0,60
0,321
0,59
0,320
0,58
0,319
0,57
0,318
0,56
0,317
0,55
0,316
0,54
0,315
0,53
0,314
0,52
0,313
0,51
0,312
0,50
0,311
0,49
0,310
0,48
0,309
0,47
0,308
0,46
0,307
0,45
0,301
0,6
0,5
0,304
0,303
0,306
0,305
0,302
0,12
0,10
0,8
0,11
0,4
0,2
0,3
0,7
